27.4693 0
27.1106 1
26.7546 2
26.4013 3
26.0508 4
25.7031 5
25.358 6
25.0157 7
24.6762 8
24.3393 9
24.0052 10
23.6739 11
23.3453 12
23.0194 13
22.6962 14
22.3758 15
22.0581 16
21.7432 17
21.431 18
21.1215 19
20.8148 20
20.5108 21
20.2095 22
19.911 23
19.6152 24
19.3221 25
19.0318 26
18.7442 27
18.4594 28
18.1772 29
17.8979 30
17.6212 31
17.3473 32
17.0761 33
16.8077 34
16.542 35
16.279 36
16.0188 37
15.7613 38
15.5066 39
15.2545 40
15.0052 41
14.7587 42
14.5149 43
14.2738 44
14.0354 45
13.7998 46
13.567 47
13.3368 48
13.1094 49
12.8848 50
12.6628 51
12.4436 52
12.2272 53
12.0134 54
11.8025 55
11.5942 56
11.3887 57
11.1859 58
10.9859 59
10.7885 60
10.594 61
10.4021 62
10.213 63
10.0267 64
9.84303 65
9.66213 66
9.48397 67
9.30855 68
9.13586 69
8.9659 70
8.79869 71
8.6342 72
8.47246 73
8.31345 74
8.15717 75
8.00363 76
7.85282 77
7.70476 78
7.55942 79
7.41682 80
7.27696 81
7.13984 82
7.00545 83
6.87379 84
6.74487 85
6.61869 86
6.49524 87
6.37453 88
6.25655 89
6.14131 90
6.0288 91
5.91903 92
5.812 93
5.7077 94
5.60614 95
5.50731 96
5.41122 97
5.31786 98
5.22724 99
5.13936 100
5.05421 101
4.9718 102
4.89212 103
4.81518 104
4.74097 105
4.6695 106
4.60076 107
4.53476 108
4.4715 109
4.41097 110
4.35318 111
4.29812 112
4.2458 113
4.19621 114
4.14936 115
4.10525 116
4.06387 117
4.02523 118
3.98932 119
3.95615 120
3.92571 121
3.89801 122
3.87305 123
3.85082 124
3.83132 125
3.81457 126
3.80054 127
3.78926 128
3.78071 129
3.77489 130
3.77181 131
3.77147 132
3.77386 133
3.77899 134
3.78685 135
3.79745 136
3.81078 137
3.82685 138
3.84566 139
3.8672 140
3.89147 141
3.91849 142
3.94823 143
3.98072 144
4.01594 145
4.05389 146
4.09458 147
4.13801 148
4.18417 149
4.23307 150
4.2847 151
4.33907 152
4.39617 153
4.45601 154
4.51859 155
4.5839 156
4.65195 157
4.72273 158
4.79625 159
4.8725 160
4.95149 161
5.03322 162
5.11768 163
5.20488 164
5.29481 165
5.38748 166
5.48288 167
5.58102 168
5.68189 169
5.7855 170
5.89185 171
6.00093 172
6.11275 173
6.2273 174
6.34459 175
6.46461 176
6.58737 177
6.71287 178
6.8411 179
6.97207 180
7.10577 181
7.24221 182
7.38138 183
7.52329 184
7.66794 185
7.81532 186
7.96543 187
8.11828 188
8.27387 189
8.4322 190
8.59325 191
8.75705 192
8.92358 193
9.09284 194
9.26485 195
9.43958 196
9.61706 197
9.79726 198
9.98021 199
10.1659 200
10.3543 201
10.5455 202
10.7393 203
10.936 204
11.1353 205
11.3374 206
11.5422 207
11.7498 208
11.9601 209
12.1731 210
12.3889 211
12.6074 212
12.8287 213
13.0526 214
13.2794 215
13.5088 216
13.741 217
13.9759 218
14.2136 219
14.454 220
14.6971 221
14.943 222
15.1916 223
15.4429 224
15.697 225
15.9538 226
16.2133 227
16.4756 228
16.7406 229
17.0084 230
17.2788 231
17.5521 232
17.828 233
18.1067 234
18.3881 235
18.6723 236
18.9592 237
19.2488 238
19.5412 239
19.8363 240
20.1341 241
20.4347 242
20.738 243
21.0441 244
21.3529 245
21.6644 246
21.9786 247
22.2956 248
22.6154 249
22.9378 250
23.263 251
23.5909 252
23.9216 253
24.255 254
24.5912 255
24.93 256
25.2716 257
25.616 258
25.9631 259
26.3129 260
26.6654 261
27.0207 262
27.3788 263
27.7395 264
28.103 265
28.4693 266
28.8382 267
29.2099 268
29.5844 269
29.9615 270
30.3414 271
30.7241 272
31.1095 273
31.4976 274
31.8884 275
32.282 276
32.6784 277
33.0774 278
33.4792 279
33.8837 280
34.291 281
34.701 282
35.1138 283
35.5292 284
35.9474 285
36.3684 286
36.7921 287
37.2185 288
37.6476 289
38.0795 290
38.5141 291
38.9515 292
39.3916 293
39.8344 294
40.28 295
40.7283 296
41.1793 297
41.6331 298
42.0896 299
