22.9471 0
22.7699 1
22.5928 2
22.4157 3
22.2385 4
22.0614 5
21.8842 6
21.7071 7
21.53 8
21.3528 9
21.1757 10
20.9985 11
20.8214 12
20.6442 13
20.4671 14
20.29 15
20.1128 16
19.9357 17
19.7585 18
19.5814 19
19.4043 20
19.2271 21
19.05 22
18.8728 23
18.6957 24
18.5186 25
18.3414 26
18.1643 27
17.9871 28
17.81 29
17.6328 30
17.4557 31
17.2786 32
17.1014 33
16.9243 34
16.7471 35
16.57 36
16.3929 37
16.2157 38
16.0386 39
15.8614 40
15.6843 41
15.5071 42
15.33 43
15.1529 44
14.9757 45
14.7986 46
14.6214 47
14.4443 48
14.2672 49
14.09 50
13.9129 51
13.7357 52
13.5586 53
13.3814 54
13.2043 55
13.0272 56
12.85 57
12.6729 58
12.4957 59
12.3186 60
12.1415 61
11.9643 62
11.7872 63
11.61 64
11.4329 65
11.2558 66
11.0786 67
10.9015 68
10.7243 69
10.5472 70
10.37 71
10.1929 72
10.0158 73
9.83862 74
9.66148 75
9.48434 76
9.3072 77
9.13005 78
8.95291 79
8.77577 80
8.59863 81
8.42149 82
8.24435 83
8.06721 84
7.89006 85
7.71292 86
7.53578 87
7.35864 88
7.1815 89
7.00436 90
6.82722 91
6.65007 92
6.47293 93
6.29579 94
6.11865 95
5.94151 96
5.76437 97
5.58723 98
5.41008 99
5.23294 100
5.0558 101
4.87866 102
4.70152 103
4.52438 104
4.34724 105
4.17009 106
3.99295 107
3.81581 108
3.63867 109
3.46153 110
3.28439 111
3.10725 112
2.9301 113
2.75296 114
2.57582 115
2.39868 116
2.22154 117
2.0444 118
1.86726 119
1.69011 120
1.51297 121
1.33583 122
1.15869 123
0.981548 124
0.804407 125
0.627265 126
0.450124 127
0.272982 128
0.095841 129
-0.0813005 130
-0.258442 131
-0.435583 132
-0.612725 133
-0.789866 134
-0.967008 135
-1.14415 136
-1.32129 137
-1.49843 138
-1.67557 139
-1.85271 140
-2.02986 141
-2.207 142
-2.38414 143
-2.56128 144
-2.73842 145
-2.91556 146
-3.0927 147
-3.26985 148
-3.44699 149
