-inf 0
2.94423 1
3.63738 2
4.04285 3
4.33053 4
4.55367 5
4.73599 6
4.89014 7
5.02368 8
5.14146 9
5.24682 10
5.34213 11
5.42914 12
5.50918 13
5.58329 14
5.65228 15
5.71682 16
5.77745 17
5.83461 18
5.88867 19
5.93997 20
5.98876 21
6.03528 22
6.07973 23
6.12229 24
6.16311 25
6.20233 26
6.24007 27
6.27644 28
6.31153 29
6.34543 30
6.37822 31
6.40997 32
6.44074 33
6.4706 34
6.49958 35
6.52775 36
6.55515 37
6.58182 38
6.6078 39
6.63311 40
6.65781 41
6.6819 42
6.70543 43
6.72842 44
6.7509 45
6.77288 46
6.79438 47
6.81544 48
6.83605 49
6.85626 50
6.87606 51
6.89548 52
6.91453 53
6.93322 54
6.95157 55
6.96959 56
6.98729 57
7.00468 58
7.02177 59
