-inf 0
1.9038 1
2.59695 2
3.00241 3
3.2901 4
3.51324 5
3.69556 6
3.84971 7
3.98324 8
4.10103 9
4.20639 10
4.3017 11
4.38871 12
4.46875 13
4.54286 14
4.61185 15
4.67639 16
4.73701 17
4.79417 18
4.84824 19
4.89953 20
4.94832 21
4.99484 22
5.0393 23
5.08186 24
5.12268 25
5.1619 26
5.19964 27
5.23601 28
5.2711 29
5.305 30
5.33779 31
5.36954 32
5.40031 33
5.43016 34
5.45915 35
5.48732 36
5.51472 37
5.54139 38
5.56736 39
5.59268 40
5.61737 41
5.64147 42
5.665 43
5.68799 44
5.71046 45
5.73244 46
5.75395 47
5.775 48
5.79562 49
5.81582 50
5.83563 51
5.85505 52
5.87409 53
5.89279 54
5.91113 55
5.92915 56
5.94685 57
5.96424 58
5.98134 59
