-inf 0
-1.23788 1
-0.544735 2
-0.13927 3
0.148413 4
0.371556 5
0.553878 6
0.708028 7
0.84156 8
0.959343 9
1.0647 10
1.16001 11
1.24702 12
1.32707 13
1.40118 14
1.47017 15
1.53471 16
1.59533 17
1.65249 18
1.70656 19
1.75785 20
1.80664 21
1.85316 22
1.89761 23
1.94017 24
1.98099 25
2.02021 26
2.05796 27
2.09432 28
2.12941 29
2.16332 30
2.19611 31
2.22785 32
2.25863 33
2.28848 34
2.31747 35
2.34564 36
2.37304 37
2.3997 38
2.42568 39
2.451 40
2.47569 41
2.49979 42
2.52332 43
2.54631 44
2.56878 45
2.59076 46
2.61227 47
2.63332 48
2.65394 49
2.67414 50
2.69394 51
2.71336 52
2.73241 53
2.7511 54
2.76945 55
2.78747 56
2.80517 57
2.82256 58
2.83966 59
